"Subjects" "Acivity" "Average Body X Acc" "Average Body Y Acc" "Average Body z Acc" "Average Body x Gyro" "Average Body y Gyro" "Average Body z Gyro" "Average Total X Acc" "Average Total y Acc" "Average Total z Acc"
"V1" "Test" -0.00195216134381579 0.00994983693097254 -0.00148487588974359 0.147847486630435 0.0114786254808662 NA NA -0.161463585348177 NA
"V1" "Train" 0.00302624955737569 -0.000488433141804745 -0.000778519392025966 0.0935480397163195 0.0344102224678757 0.0517157057235897 NA -0.18521079454576 NA
"V10" "Test" -0.0369652514867346 -0.0244922904517483 -0.0226439217417924 -0.178072130262914 -0.031408931233205 -0.0608195527670007 -0.0847987495182482 -0.0134814055393627 -0.143943780136253
"V10" "Train" -0.0327172224959666 -0.0177510425020575 -0.0150976810949438 -0.148416076880998 -0.0725096336877637 -0.0580127196520317 -0.0961090916387469 -0.00193424866540819 -0.185230040263394
"V100" "Test" -0.00221057379851742 -0.000490368828797519 -0.0050843335328147 -0.0251102864971323 0.00162750128830169 -0.0100342685039341 -0.0764173598390411 0.00755304603105187 -0.117108233445821
"V100" "Train" 0.00748505961111036 -0.00833433429544305 -0.00288832269937699 -0.0179483256852509 -0.000258452536032379 -0.00871701087755722 -0.0881314709237363 0.0350203130075283 -0.148891524033786
"V101" "Test" -0.00337951534503897 0.0010049568236373 -0.00137296410485919 -0.0010720280103448 0.00413235431336386 0.00427582370172515 0.824298809210599 0.00821083073095187 0.0859006432694296
"V101" "Train" 0.0142260682845359 -0.00319680809627561 0.000606302979268653 0.00394712925294643 -0.00626921123614735 0.000421037875258333 0.805697503034448 0.0347111052325644 0.0954303182248006
"V102" "Test" -0.00715216738500248 -0.00129244804328334 -0.00411229602892395 -0.0204678534670906 0.00704118295058764 -0.0113849500422771 -0.0757559985342466 0.00860753242523553 -0.114330783244458
"V102" "Train" 0.00951990541828382 -0.00519374958847196 -0.00171267861719898 -0.0153737193496182 0.00029553000935039 -0.00715264501012457 -0.0869449096344297 0.0354932692461114 -0.147539230607632
"V103" "Test" -0.00417776931522518 -0.000519796366896781 -0.000127925741730173 0.00507692409166052 0.00534834987743508 0.00634551176754101 0.82801019494622 0.00869023454322868 0.0871004445346115
"V103" "Train" 0.01346456265349 -0.00166722332108217 0.0014150682918754 0.00426199468528493 -0.00731091885426026 0.000461622415689321 0.807154673381538 0.0371696021982478 0.0949165567961243
"V104" "Test" -0.0114528888551259 -0.000420509609969354 -0.000952194406212647 -0.0163608806043736 0.00343449835179712 -0.00982824347160542 -0.0756950368377242 0.00846067831469056 -0.11149307469431
"V104" "Train" 0.00971447402001113 -0.00368063433187966 -0.00114874345061815 -0.0108711039357829 -0.000121732578564213 -0.00461114043524946 -0.0867683212308369 0.0385665177874552 -0.149436860897841
"V105" "Test" -0.00523417615461629 0.00354648777506135 0.00194257091986526 0.0107556992116005 0.00443717030428007 0.00295657291760827 0.829847801388822 0.00936895811650519 0.0865604131039735
"V105" "Train" 0.011376766408264 -0.00190119898496541 0.00235900450374651 0.00521826427576289 -0.00965448952926127 0.00315411781423506 0.808056164282797 0.0382369534858824 0.0941514315170701
"V106" "Test" -0.0112831576121173 0.00179657647806442 0.000311481270865488 -0.00806501189595091 0.00588959695633333 -0.0107101352395902 -0.0747679372653061 0.0106228549954909 -0.112479912469071
"V106" "Train" 0.00906123411905137 -0.00454434876175974 0.00100595232392252 -0.0132336682924012 -0.00518054487907658 -0.00226489209787129 -0.0874633200555187 0.0384640464346607 -0.151849124749877
"V107" "Test" -0.00441296439151407 0.000756677377258409 0.000634325603580629 0.0132460345612531 0.00510900601408623 0.00745581416901574 0.830813579063406 0.0123460822492655 0.0869360546542118
"V107" "Train" 0.00906067814547989 -0.00184304788348277 0.00313625302799674 0.00218468399445785 -0.00803656799192939 0.00231547345335836 0.807359555631007 0.0381441294521869 0.0951310021842924
"V108" "Test" -0.00684924267805771 -0.00180453630796951 -0.000765285733710853 -0.00468404283518335 0.00288914787594994 -0.0112900833540132 -0.0756835245263889 0.0124166312779063 -0.110410148894482
"V108" "Train" 0.00819140624349135 -0.00275309169399329 0.000636599727259658 -0.019029726714475 -0.0123781618197803 -0.00323606692619583 -0.0878641667204846 0.037271549910321 -0.150272020935249
"V109" "Test" -0.00125411980436706 -0.000225004177551176 0.00113084422953512 0.0131112581503077 0.00787842063334824 0.00523950153663131 0.830444609449588 0.0126414944367049 0.088536593668072
"V109" "Train" 0.00474581734777351 0.00124775424233985 0.00414565214934095 -0.000779898458524933 -0.0110874866327707 0.00195751755257961 0.806450271292061 0.0372172059817068 0.0963949764778499
"V11" "Test" 0.00905529707365598 0.0140673245397172 0.00897507044780263 -0.00629553436979769 0.0218904730970892 0.0225229595609534 0.816659281912692 -0.00601362136078108 0.0909109614004446
"V11" "Train" 0.0173990831137452 0.0110437466834718 0.0106920544162108 0.0151673879974255 0.0193942888507702 0.023474375843833 0.809252016734379 0.00352117805257018 0.0991325948811093
"V110" "Test" -0.00245023003914007 0.00163030596445103 0.000733272196041989 0.00319849463549349 0.00436863566805573 -0.0120396679032848 -0.0757890806722222 0.0120585195915393 -0.10981024583049
"V110" "Train" 0.00293519723413001 -0.00121217982616003 -0.000290457903682985 -0.0168093222176982 -0.0136621966767601 -0.000713883814450607 -0.0875168700597167 0.0368203872037159 -0.148159099515441
"V111" "Test" 0.00127266693210072 0.00183631437602591 0.0015055305911876 0.0125809112513005 0.0124671415959453 0.0063983309187238 0.830565139010843 0.0111202549048559 0.0884418292587913
"V111" "Train" 0.000123649205370052 0.00208791962286513 0.00281305088577307 0.00218554662210534 -0.00992236624567392 0.00338710521036872 0.807029356377456 0.0374166089139212 0.096938110802894
"V112" "Test" 0.000854008360340387 0.00377228263549621 0.00152088296892252 0.0122003534213284 0.00773538474019378 -0.0102443130176065 -0.0734802432917807 0.012145614571522 -0.112834181739239
"V112" "Train" 0.000790247506033274 -0.00185480194082732 -0.00175326349393586 -0.0140289207645859 -0.00723399877646639 0.00318861076367962 -0.0882312384377899 0.0380622885289424 -0.147070810901865
"V113" "Test" 0.00447937283015084 0.000666842571259701 0.00342019985754072 0.0198605523070414 0.0196798430829547 0.00583337563748924 0.830592173526436 0.0124192284187027 0.088956628354838
"V113" "Train" -0.00216995724242378 0.000842457061844992 0.00268107465293474 0.00694469164825805 -0.00372145423213641 0.00606391550274184 0.80815496380353 0.0385720068087388 0.0960576560233235
"V114" "Test" 0.00460869898759657 0.0027012990563588 0.00411595473090041 0.0134329084746719 0.00770360198309409 -0.00504650899156613 -0.0711800453442953 0.0122246663813747 -0.113900409232174
"V114" "Train" -0.0034563486890485 -0.00301524916029135 -0.00123295442599217 -0.00881436029157289 -0.00273491560467012 0.00247671205410767 -0.087395057663 0.0389128847990581 -0.148607749122839
"V115" "Test" 0.00507510847578865 -0.00121163690387416 0.00654624849918171 0.0269010434209596 0.0218417641003798 0.0109825743616405 0.832285634656155 0.012436521545103 0.0887478937121007
"V115" "Train" -0.00650361744409213 -0.000913663342423937 0.00218134696348021 0.0125364167023539 0.00470727918514292 0.00561278953616932 0.808342595493474 0.0399318055578735 0.0954936543597536
"V116" "Test" 0.00130766710678834 0.00350278366461552 0.0048894737250452 0.017254132036557 0.0150134203216237 0.00371373903068344 -0.0716105880417808 0.0139311539627689 -0.116496435353981
"V116" "Train" -0.00665178622839429 -0.00290898287806029 -0.000645542042353989 -0.0057746912632775 0.000443644591335758 0.00277918186637239 -0.086772194614512 0.0398446020935102 -0.150938198828911
"V117" "Test" 0.00198201993154701 0.00275397998237916 0.00605493237378771 0.0240476790892348 0.0252749989090203 0.0124361339819015 0.833384037616081 0.0138360605490909 0.0887835977355597
"V117" "Train" -0.00745365494975937 -0.0019950365097304 0.00362068707997848 0.0159128391898993 0.00364139325166835 0.00745068201667097 0.808228099488918 0.0409888827205259 0.094374636664864
"V118" "Test" 0.00134780554179097 0.00584720701783856 0.00301460048620426 0.0133778120572164 0.0176529789717461 -0.000409841296147988 -0.0703791746267124 0.0118988647132048 -0.116110330143212
"V118" "Train" -0.00844799442970043 -6.47831188909203e-05 -0.000347890410594579 -0.00205980961454617 0.000668370773007147 0.00206680775179934 -0.0863635230434783 0.0401776100506163 -0.153051431774061
"V119" "Test" 0.00437053780841332 0.00360622753971309 0.00459007994702901 0.0204447059720975 0.0263808823599293 0.00993075548001354 0.830925885395176 0.00977009780500543 0.0871173879714449
"V119" "Train" -0.00654803890677459 0.00104406169067338 0.00335270982248517 0.0181397009426372 0.00125304252023167 0.00882821698077671 0.807990853083473 0.0399798262310459 0.0954976171252312
"V12" "Test" -0.021437497266193 -0.0205582569270972 -0.0191064393807328 -0.156765948577738 -0.0290195447441683 -0.0456654466098131 -0.0847002846888889 -0.00798416392602486 -0.142306160273108
"V12" "Train" -0.0181848419292514 -0.0177577255590018 -0.0135402031056688 -0.138602741557576 -0.0655742764841291 -0.0465647436862092 -0.0955624032817741 0.00504764919083154 -0.180094717751056
"V120" "Test" 0.0064643085557628 0.00529121241253442 0.00271844583944536 0.00962418340017368 0.0133884021904738 -0.000999314108323296 -0.0678360765026846 0.00780016702157432 -0.118362876388892
"V120" "Train" -0.0072930249252914 0.00191087846891427 -0.000330816734909912 0.00356310648795294 -0.00584913901400612 0.0019975610879479 -0.0848625982652802 0.0386721211106282 -0.150382639653022
"V121" "Test" 0.00490500875259015 0.000203458929570903 0.00431940892380551 0.0199272296943409 0.0191418952190745 0.0106493809263668 0.827054613222817 0.00686592070388043 0.0855827581213527
"V121" "Train" -0.00603441679918863 0.000493450346487281 0.00304450565704592 0.0239019282103893 0.000687303199676512 0.0117572847430568 0.808266035353326 0.0383386150811404 0.0958031325467716
"V122" "Test" 0.00949130478160731 0.00231595199186875 0.00281092703032374 0.00519592202756112 0.0158544778310139 0.000982569372721831 -0.067665085792517 0.00762513266111314 -0.116267745681405
"V122" "Train" -0.00833902164754701 -0.000707351435193599 0.000236476990014263 0.00660061617517126 -0.00741256241541158 0.001833500056208 -0.0850786224713666 0.0373956407189654 -0.151788883128635
"V123" "Test" 0.0079289867653933 -0.00140393111624553 0.00478636785758215 0.0113314314697869 0.0143937795330365 0.0115595657584731 0.824163177096307 0.00705614868187411 0.0878663763028694
"V123" "Train" -0.00614225181225549 0.000554463973250161 0.00470058882236586 0.0212797596992401 -0.00247104658047715 0.0135285702826132 0.80851007026525 0.0382962815359077 0.0966712791633998
"V124" "Test" 0.00690714235522969 0.00264255835292239 0.00367379520554075 -0.00179110065053524 0.0179167426494432 -0.00157592743641451 -0.0670764187520271 0.00694505666448327 -0.113611842412218
"V124" "Train" -0.00886344579749472 0.00170547462239296 0.000981965881262818 0.00470081259820394 -0.00342034600291378 0.000707383274690778 -0.0849070432132322 0.0378847694406675 -0.15121571077236
"V125" "Test" 0.00498371646729042 -0.000660232150949895 0.00539665263551223 0.0106395045864279 0.0210207625165117 0.00960726321752195 0.824252306200376 0.00671560790940665 0.0860690593948015
"V125" "Train" -0.00451848683498821 0.00144865356133481 0.00480757250080825 0.0195098061508585 0.00696827608570579 0.0130666228688591 0.807923793861647 0.0377028686403317 0.0961759806454955
"V126" "Test" 0.0047615237042898 0.00127802199489331 0.00424703220301543 -0.000504336108287854 0.0268810389585684 -0.00377194054269586 -0.0680676829181208 0.00407162161380191 -0.117946561569531
"V126" "Train" -0.00738301049087667 0.00259510402457394 0.00148775638292716 0.00488533438943638 0.00344052430821921 7.54771116614102e-05 -0.0851682343168831 0.0374612281208031 -0.150111140813005
"V127" "Test" 0.0023640075771695 -5.53264067537418e-05 0.00352479516779545 0.0152970066441615 0.0266733377420567 0.00899201764294737 0.825079956176952 0.00344249611194625 0.0864368929867363
"V127" "Train" -0.00387774557573938 0.000653410176593155 0.00529958516684787 0.0200072667925412 0.00874837814595057 0.0127239382027279 0.807601320247744 0.0378655148933085 0.0952436484603563
"V128" "Test" 0.00396782836841791 -0.000499098623717324 0.00324734836841514 9.11797601446923e-05 0.0220294108417492 0.00167244860470806 -0.06803834462 0.00353344365115735 -0.118581773672389
"V128" "Train" -0.00629728260398887 0.00256515452449897 0.00220788638068619 0.004102556658751 0.0069937928840829 -0.00249403880072665 -0.0859360318472473 0.0368701117380146 -0.149644472467075
"V129" "Test" 0.00369655013889169 0.00190463879758592 0.00199500952121291 0.0173666478711533 0.0254260578803733 0.0141793597227821 0.823895067122603 0.00504108576342255 0.0867880229160108
"V129" "Train" -0.00200069830944418 0.000929532463988986 0.00563740616356105 0.0181497170114014 0.0111402411446901 0.00827877018323784 0.809460477166995 0.0359874610565252 0.0947267863458535
"V13" "Test" 0.013885508107625 0.0134335693896176 0.00994116624101474 -0.00329665581092041 0.0276830323886432 0.0230783531728553 0.817244069811134 -0.00116294629316493 0.0911345016835033
"V13" "Train" 0.019816870495663 0.00995070125160808 0.0117652654308722 0.010065935857107 0.0198107123760123 0.0243637414354675 0.809704821817768 0.0093013440128056 0.102369617208675
"V130" "Test" 0.0048854920474305 -0.00118430403611964 0.00104427205741376 0.00202982078899782 0.0170288640527609 0.01100747774164 0.0400053683690476 NA -0.0591691933925282
"V130" "Train" -0.0038580672514741 0.00188868503448621 0.00255435040875424 0.00411716048464043 0.010357657175261 -0.00135034756299644 -0.00095845446055046 NA -0.0868508607766147
"V131" "Test" 0.00153716100784288 -0.000939027933217296 0.00178513236952694 0.0204151845756348 0.0146185068185028 0.0120770047321789 0.861171313492161 NA 0.16755983244005
"V131" "Train" -0.000180682381706473 -0.000889070920769364 0.00432902010390226 0.0187488819443391 0.0149687854680723 0.00947251707207348 0.857469548639041 NA 0.199647530538492
"V132" "Test" 0.000329235143773115 -0.00468498258398251 0.00277702591699221 -0.00263808667526864 0.0113973456157914 0.00670941941838433 0.03652934166 NA -0.0461316541383933
"V132" "Train" -2.33346699893638e-05 0.000765564992909465 0.00192577734823931 0.00872230883858684 0.00757996619827865 0.00149011736516034 -0.000528737941509435 NA -0.0675959882533943
"V133" "Test" -0.00370082893883128 0.000157890500139628 0.00560582594858185 0.0175805746206703 0.012298968304244 0.0109164989596331 0.860065136694685 NA 0.17713981835001
"V133" "Train" 0.00106284289305947 -0.00111283194090668 0.00403581274564053 0.01758363335302 0.0165434575155886 0.0110899525447217 0.85827875289704 NA 0.21565926196698
"V134" "Test" -0.00327343995137364 -0.00395476278277588 0.00356586071919038 -0.00422799675855169 0.0142833137183827 0.00947147494711734 0.0344446358534884 NA -0.0388063417092757
"V134" "Train" 0.00284737757985373 0.00224425829986419 0.000311170029020498 0.00804054376017152 -0.00103563387016993 0.00218205069805643 0.00246195440938614 NA -0.0528529701543354
"V135" "Test" -0.00504093225521024 -1.04126276846336e-05 0.00468779371069709 0.0125055592377032 0.0100723587553347 0.0142905982107715 0.858013617987308 NA 0.185605109040365
"V135" "Train" 0.00343465832013 0.000589649474389966 0.00310524051458512 0.016685092010459 0.0159898767270201 0.00917288137923106 0.859697958280364 NA 0.225746707943305
"V136" "Test" -0.00512460798263456 -0.00419782026912312 0.00228924933117741 -0.00676788214902334 0.0111812273978522 0.00958741147529712 0.0304869007790698 NA -0.0266348105743684
"V136" "Train" 0.00530555809414467 0.00338261532879 6.88990942280938e-05 0.0104021953378977 0.000148631354310914 0.00207585944016798 0.0108038119961111 NA -0.0452691865805655
"V137" "Test" -0.00475017907971824 0.000276248959451302 0.00181549172593598 0.00809623812390585 0.00921535463492436 0.0148954818220816 0.857869761934259 NA 0.19540558779969
"V137" "Train" 0.00576065236414604 -7.81041851243284e-06 0.00255003290559056 0.0214984257301146 0.01415591069223 0.00819654133029398 0.860703991804815 NA 0.230496557187011
"V138" "Test" -0.00474179290375557 -0.0044042106720668 0.000819813267115693 -0.0135774168613426 0.00954900090743767 0.00884900654139793 0.0307659949792683 NA -0.00651227711921458
"V138" "Train" 0.00618731850922318 0.00271595576329467 -0.00105832042472553 0.0158421160606873 0.000546644441957145 0.00178160930186245 0.0264759904821429 NA -0.0425993070311594
"V139" "Test" -0.00445176358394993 7.64985293853516e-06 0.000251466665833073 0.00398322577364835 0.00397951798159481 0.0151491644090179 0.857257787597365 NA 0.202077273815068
"V139" "Train" 0.00619500473575381 3.07002685452045e-05 0.000940093477766185 0.0263485196412974 0.0107567951361985 0.00876257563792406 0.861481443288426 NA 0.235627519724813
"V14" "Test" -0.00752478393495768 -0.0163587235518275 -0.0166268273186866 -0.146551741189833 -0.0245654856147171 -0.030206971077141 -0.0845934264666666 -0.0014896838164174 -0.14223865729653
"V14" "Train" -0.00354001344724646 -0.0165604830377979 -0.0107239861383589 -0.133294737767363 -0.0464548444617728 -0.0412642916981372 -0.094233377990389 0.00948355092825008 -0.175939291670538
"V140" "Test" -0.00429658832063435 -0.00521505069907038 0.00198459661534654 -0.0139646126860871 0.00151248353725438 0.00530801599084688 0.0253728425 NA -0.00380824282603174
"V140" "Train" 0.00694558884131045 0.00146680071596185 -0.0021309305100575 0.0152052850550408 -0.002503634717289 -0.00189461638769571 0.0330806871592593 NA -0.0374987961125911
"V141" "Test" -0.00318958788553928 -0.000219026333806386 0.00312898582936316 0.0079364184860405 0.00506856247021694 0.0182497775475628 0.856625898965194 NA 0.202303735246824
"V141" "Train" 0.00600941099624617 9.6369807145736e-05 -0.000362184456916654 0.0287913216896277 0.00361766293687187 0.00392224017247878 0.862303308856203 NA 0.243352082737425
"V142" "Test" -0.00441764168718912 -0.000503623123614515 0.0031814010082581 -0.0155213185117396 0.00751546934118874 0.00757678046728154 0.0247074250952381 NA 0.0028660507395738
"V142" "Train" 0.0072696905085617 0.00190500789413739 -0.00267959920799212 0.0150484507460449 -0.007908809664146 -0.00401507512600021 0.0347978350243421 NA -0.0249696175772517
"V143" "Test" -0.00269133362620852 0.00461617489994621 0.00365442490134714 0.00593793139460698 0.00878272653474784 0.0144700024799536 0.855199367862209 NA 0.207502709705409
"V143" "Train" 0.00440348327319851 0.000774592447573807 0.000355357791743362 0.0337970297030157 0.00315018456576574 0.00249320884490343 0.862051460344443 NA 0.251212724511073
"V144" "Test" -0.00435993649986428 0.000386681173860715 0.00129976949511683 -0.0128394228775798 0.0101246597565192 0.00375054331617093 0.0259426033547619 NA 0.0100053896215409
"V144" "Train" 0.00624012815311293 0.0027748088318216 -0.00147736351351538 0.0189495294077455 0.00226075016056756 -0.00476756037298708 0.0335445397206575 NA -0.0197137943523044
"V145" "Test" -0.00310964733129709 0.00687940421586922 0.00430595169868598 0.0130028390027088 0.000333613040677524 0.010657254024846 0.854350363480741 NA 0.214476123180251
"V145" "Train" 0.00675126164263176 0.00169428171074862 0.00100123457049619 0.033082775554072 0.00301406106436067 0.00171408089860398 0.861640322893337 NA 0.255528535902263
"V146" "Test" -0.00495216627716716 0.000289795706325653 0.0012766130087658 -0.00472694605878292 0.00151646495201879 0.00237048735775757 0.0273857037804878 NA 0.0210090377805009
"V146" "Train" 0.00704614279472382 0.00455902094678814 -0.00233701955970086 0.018671708968912 0.00442487708619059 -0.00349492052148277 0.0370421660021389 NA -0.0166400493144427
"V147" "Test" -0.00385714935639231 0.00448410560153381 0.00402232563395799 0.0161634063995587 -0.00587345255703961 0.00800921060101743 0.855410191465347 NA 0.221892629916168
"V147" "Train" 0.00564602886121592 0.00166722117938113 0.000207392201456379 0.028615044797379 0.000323704668055098 0.00423965507475582 0.86115646773049 NA 0.259520541389892
"V148" "Test" -0.00478456298441444 -0.00147576888739452 0.000940111639546651 -0.00184567927361489 -0.00717858260430566 -0.00547854359114018 0.0293387164615385 NA 0.0278054348546374
"V148" "Train" 0.00568124287409252 0.00329826765292986 -0.000684317888430241 0.0152473765783935 0.00832366655874773 -0.000489206780151816 0.0366338091830986 NA -0.0128382832637156
"V149" "Test" -0.00562816441197053 0.00238272632550742 0.00107107669642636 0.0146521348421878 -0.00143175147001443 0.00307250332560083 0.85569729474877 NA 0.223554546092625
"V149" "Train" 0.00316624615992518 0.00202778865681914 0.00135921770403859 0.0249756409483321 0.00275668834776433 0.00540308081727932 0.860987527779564 NA 0.264069596738463
"V15" "Test" 0.0153722233970313 0.0157335318208943 0.0128727468605983 -0.00726062109639273 0.0272040426605906 0.0268626774118774 0.817625358460346 0.0010039092028285 0.090274700580525
"V15" "Train" 0.0216042654815209 0.00914311757372431 0.0124236167229694 0.00863908165343706 0.0249429075604371 0.0247720482268175 0.8082556049418 0.0126715420291739 0.103368069585087
"V150" "Test" -0.00425335835830522 -0.00240757625649947 -0.000182970276619497 -0.0114444641888817 -0.00791536245099684 -0.0053792763672754 0.0310172292894737 NA 0.0218121185753885
"V150" "Train" 0.00389111870284686 0.00335858538214274 0.000471301938884396 0.0150375436272944 0.0128384719508198 0.00172885385724614 0.0467604712787879 NA -0.00539111130062938
"V151" "Test" -0.00744836808849724 0.00175031981011651 0.00133962427250262 0.00827449633463044 0.00534138069223191 0.00397835281721632 0.856166275138935 NA 0.220503230832027
"V151" "Train" 0.00211677638974339 0.000851279741384954 -0.000161460289055894 0.023571438288387 0.00681471776343544 0.00706650883367799 0.860962359029402 NA 0.270319100888556
"V152" "Test" -0.00481213321442554 -0.000891587178520901 0.000937564693859464 -0.0168069110168553 -0.00902149555704626 -0.00474751458669719 0.0315576249025641 NA 0.0196474442679655
"V152" "Train" 0.000975504467065862 0.0027960618194794 -0.00175346087732648 0.0158507291035418 0.0146248544786039 0.000770145049971477 0.0471058435588235 NA -0.00148272654369332
"V153" "Test" -0.00653369363917844 -0.0013502092591543 0.00358843239666754 0.012025753359281 0.0109569851123482 0.0020879767860466 0.856753162867463 NA 0.223840769284048
"V153" "Train" 0.000130780092525145 0.0025592007546598 -0.000405940907273605 0.0259591056838642 0.00895674389338347 0.00446705341754021 0.861127302567397 NA 0.271584773281993
"V154" "Test" -0.00135424069998846 -0.00158166051894759 0.00301596298941706 -0.0174405391214642 -0.00234957380793693 -0.00544583274331009 0.0352436157777778 NA 0.0292962201130325
"V154" "Train" -0.000995425399553289 0.00493993985603955 -0.00150757433120154 0.0188746334820406 0.0141813748873665 0.000492316687852788 0.0403479647636364 NA -0.00137223631960497
"V155" "Test" -0.00251731921307484 -0.00328521908747147 0.00405415155743157 0.0170444227731952 0.0100461760183619 0.00424266455936439 0.859369377860457 NA 0.228979619635103
"V155" "Train" -0.000858551223647708 0.0034178205213098 0.000473457962974545 0.0251387976267716 0.00808516219227976 0.00511904127107195 0.861694716269513 NA 0.274388760501273
"V156" "Test" -0.00168396161196777 0.00123789922363879 0.00169709584437229 -0.0158801139614255 -0.0141065301534973 -0.00164278899956214 0.0338017058430556 NA 0.0275971510792793
"V156" "Train" -0.000837331487948975 0.00400156459456409 -0.000258466306254577 0.0189615460720507 0.00728612408943285 -9.47755579620462e-05 0.0344025911880597 NA 0.00178249161033183
"V157" "Test" -0.00165238036336847 -0.0013839061426129 0.00333103189807064 0.022253523205078 -0.006940789674528 0.0069332631125484 0.860696706168485 NA 0.228900624038769
"V157" "Train" -0.00224022413409998 0.00367809810599282 0.00180939345340321 0.0222089956461806 0.0063269523597966 0.00485557431676478 0.861196777300797 NA 0.277616310478977
"V158" "Test" -0.000637536486923505 0.000831471288821221 0.00199625440737172 -0.0086381518158286 -0.020839255471889 0.00365458134070622 0.0315731234944444 NA 0.0270394229916402
"V158" "Train" -0.00385554821331603 0.00429276089375826 1.73274821033758e-05 0.0185968504287661 0.00459503222921528 -5.06625009569236e-05 0.0365014978477612 NA 0.00897970867064365
"V159" "Test" 0.00100839252786151 -0.00297969601138623 0.00088500581761142 0.0280279499852664 -0.00791851457309698 0.00999005918067027 0.859983672324153 NA 0.230837419026329
"V159" "Train" -0.00289432149022193 0.00431245031681328 0.000948876993623246 0.0226616440740812 0.00984693760927062 0.00628716925627063 0.86059258709235 NA 0.283178193151102
"V16" "Test" 0.000156678224969374 -0.0107084699070283 -0.0124793102878281 -0.142134084501918 -0.0106048078038597 -0.0216220197766791 -0.083704332075 -2.29155682001245e-05 -0.141273105787917
"V16" "Train" 0.0090533351176173 -0.0149755011672152 -0.00994214210520538 -0.125690867047282 -0.0365643120170814 -0.0378226318461261 -0.0946883606182871 0.0132304020389817 -0.174930067288554
"V160" "Test" -0.00115588619655349 0.00255660807288712 0.000759559737776301 -0.00030373020868546 -0.0193617280890513 0.00455612482388524 0.0312997254205882 NA 0.0306579441415027
"V160" "Train" -0.00539337936267135 0.0047118780550801 -0.000927771119238307 0.01741892831286 0.00530913034075277 -0.00149439733264884 0.028629923304375 NA 0.012334050252749
"V161" "Test" 0.00243970242703369 -0.000788969013754971 -0.00159757036750133 0.0339898446657645 -0.00738919332986871 0.0135404015506475 0.859055727825668 NA 0.232253869088843
"V161" "Train" -0.00317691579650114 0.00447361194302373 -0.00122563699625556 0.0177971348595478 0.0103098723998438 0.0053028529116039 0.860280631025227 NA 0.286727530835374
"V162" "Test" 3.75818353983379e-05 0.00303263845386889 8.64747233206711e-05 -0.000449790199609665 -0.0137853065855458 0.0102001801072917 0.0301379348714286 NA 0.0325802043581283
"V162" "Train" -0.00496909959352633 0.00346269581677874 -0.00258230267640626 0.0159271191715356 0.00332976101354395 -0.00104919693025574 0.0217905038645161 NA 0.0125928919920613
"V163" "Test" 0.0054720105054467 -0.000394931531913713 -0.0017691450682843 0.0315299304987167 -0.0162759530620875 0.0166381879276721 0.861033829556508 NA 0.232068600693122
"V163" "Train" -0.00337410697034027 0.00369469219850639 -0.00104132483457587 0.0195661616776613 0.0125554942474566 0.00616786092017486 0.859002846522721 NA 0.287250468288319
"V164" "Test" 0.00353655699813123 0.00233239263153266 0.000160396431606361 -0.00186204833602184 -0.0153119704037929 0.00923538832247266 0.028331367025 NA 0.033754016176054
"V164" "Train" -0.00271233134815115 0.00291228409732076 -0.00357124937826865 0.0196705477939849 0.00239108900180783 -0.000286359520059965 0.0229539690111475 NA 0.0148769485637849
"V165" "Test" 0.00485925244132589 -0.00182195355834411 0.00101764731948921 0.0309893033954006 -0.00665353478662403 0.00861721283212765 0.864017096074655 NA 0.235112173210585
"V165" "Train" -0.00100712957447505 0.00293794008363965 -0.00131904757600668 0.0221794051207838 0.0126656404165952 0.00425463730947249 0.858154223669168 NA 0.29196268769027
"V166" "Test" 0.00577235209507864 0.00103638518475866 0.00160092297440727 0.00483135472890757 -0.0151582069606993 0.00496584351428422 0.0301004749882353 NA 0.0353015570781421
"V166" "Train" -0.00179408506730757 0.00269687862598465 -0.00354215438910542 0.0247837809348713 0.00610150465678064 -0.000122640289139136 0.0264119971563636 NA 0.0176495040143869
"V167" "Test" 0.00602607191160591 -0.00220613577164772 0.00172489823616282 0.0335453011049994 -0.0128472494338656 0.00412068762776806 0.866452462333617 NA 0.234357882258049
"V167" "Train" -0.000846228970292277 0.0025054524199681 0.000656348036994619 0.0244866015041131 0.0147441623399122 0.00362873542850158 0.858941486418045 NA 0.294381524376246
"V168" "Test" 0.00716269131902691 0.00140480399629978 -0.000291738376944076 0.00842815646202881 -0.0175085653044392 -5.58096215189101e-05 0.0319364938848485 NA 0.0355178219153028
"V168" "Train" -0.0038014827836128 0.000755614508207667 -0.00240682880376799 0.0231653722235007 0.00310223544612624 0.00131959174415803 0.0250571676218182 NA 0.0215363328974141
"V169" "Test" 0.0102843758427842 -0.000844284789042277 0.00115305202492718 0.0319099178320743 -0.021580259690071 0.000327163346019849 0.867143419176766 NA 0.235630681946086
"V169" "Train" -0.00089142165834294 0.000488873277775713 -0.000272414685834754 0.0277589164379727 0.014131936857302 0.00407901591824724 0.858920555881355 NA 0.298343550282154
"V17" "Test" 0.0189057093187985 0.0160592681872029 0.0126815868351716 -0.00733429657890111 0.0275668507303409 0.0279537121512502 0.817058220016439 0.00148091545589694 0.0901510560156295
"V17" "Train" 0.0223830115218773 0.00814727541269391 0.0117313440329905 0.00877978089900891 0.0237562281361896 0.0255376833211732 0.807671443830466 0.0168049274013244 0.101933861930648
"V170" "Test" 0.011153596351626 0.00418056178279799 -4.05540023607959e-06 0.00627297078794492 -0.0194599481267982 -0.00133008211061558 0.0366527611290322 NA 0.0311986768284916
"V170" "Train" -0.00418874452147747 -0.000642401079143563 -0.00393585907230667 0.0255324493092983 0.00360059429587546 0.000252055161166368 0.0168485592964286 NA 0.0267939721453023
"V171" "Test" 0.012239236020343 0.00295083398864483 0.00134153273661683 0.0359534222043804 -0.0112087151747411 -6.86194648687218e-05 0.869448522603853 NA 0.235549078632289
"V171" "Train" -0.00116993651020299 0.0011219204858236 -0.00112159825836875 0.0293749174448758 0.00165831416596504 0.00272898695272432 0.860504727061804 NA 0.303815486963698
"V172" "Test" 0.011965504593394 0.00488370403309557 -0.00096944760899438 0.0109924650112207 -0.0028288749822266 -0.00182494698969318 0.0416541905133333 NA 0.0311267172095891
"V172" "Train" -0.00166357045162123 0.00204058430836603 -0.00384725038070314 0.0254413414436618 -0.00633740206994582 -1.42889751447766e-05 0.0203946578962963 NA 0.0251551146671845
"V173" "Test" 0.00923038473972528 0.00052720241430395 -0.00182761619033914 0.0434632984571415 -0.00474062247204391 -0.00266995996522475 0.871269746668891 NA 0.23693709904587
"V173" "Train" 0.00239311905360528 0.00233870103385217 -0.00236137460782432 0.0259033445522776 -0.0061549469737765 0.00193668487473474 0.86241122673951 NA 0.306646858566811
"V174" "Test" 0.0113923001611551 0.00194592636101516 -0.00300821598395184 0.0121771886610097 -0.00276323852235158 0.00407745921845216 0.0460937767965517 NA 0.0346382153113618
"V174" "Train" 0.000738182525430788 0.00105308867122558 -0.00422932946199975 0.0231244593688288 -0.00675329772833891 0.00089407282296232 0.0227749111372549 NA 0.0255858852370672
"V175" "Test" 0.00569093896810931 -0.00147614890423413 -0.00302234633528161 0.0335758085528713 -0.000313901014585372 0.00382015424609989 0.87188669675205 NA 0.240509108272084
"V175" "Train" 0.00263402316021631 0.000342504987457729 -0.00286706976038424 0.0267938708917484 -0.00449232174898313 0.00467573720593456 0.862756098159513 NA 0.309916540258514
"V176" "Test" 0.00969792323324512 0.00168949901337136 -0.00438377783939976 0.00678449600910137 -0.00551193172015145 0.00875550534225097 0.0462814564896552 NA 0.0388331064708317
"V176" "Train" -0.00047271301153282 -0.000513237810514968 -0.00397666010556265 0.025642771712992 -0.0014907934614369 0.00831787498187532 0.0322982067254902 NA 0.0325902582457511
"V177" "Test" 0.00183526120341662 -0.00235607784896674 -0.00674345384565806 0.029838505561231 0.000713954178130562 0.0100427854255457 0.870237794768144 NA 0.243090819945649
"V177" "Train" 0.00225787261132432 -0.000362702167920805 -0.00393012621693916 0.0282295180357025 0.000714257585335197 0.0111513001194397 0.863940891173194 NA 0.315127266863003
"V178" "Test" 0.0072965884444852 0.00371705108398498 -0.0048307801248773 0.000841235867703596 -0.0134399643865258 0.0094659753326455 0.0412277971129032 NA 0.0409411247657258
"V178" "Train" 0.00169939272201535 -0.000836574548509082 -0.0032394170887846 0.0278153610206712 0.00220981233160622 0.00835343665411131 0.0402219447020408 NA 0.0367252859546993
"V179" "Test" -0.000780482188683604 -0.00375666496230072 -0.00579663274409341 0.0275818034308841 -0.00577659482406801 0.00786993152803083 0.869735153013002 NA 0.245024368453131
"V179" "Train" 0.00290826261940402 0.000359129926463296 -0.00289942452262074 0.0305762020004224 0.00185178405675434 0.0121985223041134 0.865253686463495 NA 0.316288195237656
"V18" "Test" 0.0122224539640145 -0.00761699661264716 -0.0114313140995233 -0.132365823711816 -0.00551832159147768 -0.0169858027116442 -0.0850732580735294 -0.000933359336120828 -0.140640379503156
"V18" "Train" 0.0166762501725162 -0.0123896643849368 -0.0111556431858204 -0.114525132765025 -0.0384211072295891 -0.0326067673541922 -0.0944468038729792 0.0179334720043956 -0.171667558414908
"V180" "Test" 0.00869659617534101 0.00445746656307293 -0.00282521964970282 -0.00365336676966794 -0.00784255552788149 -0.00181827900197714 0.0419666538333333 NA 0.038739534596334
"V180" "Train" 0.00423908697440407 0.000264330782104546 -0.00183660614360287 0.0315122977113223 -0.000519631425658458 0.00495432529192874 0.0493666855843137 NA 0.0332933514378911
"V181" "Test" 0.00166312104544322 -0.00257537917996833 -0.00468670493737104 0.0327911640801165 -0.00459224563710787 0.00442218091577906 0.869278787897823 NA 0.24569336630373
"V181" "Train" 0.00375225148390532 0.00256205011142971 -0.00104929398904444 0.0287600633381872 0.00441647861780621 0.009451655056154 0.866174893052819 NA 0.322082003330678
"V182" "Test" 0.00800623587317984 0.00534599919488581 -0.00338653557538708 0.0178105783926428 -0.00316711171798797 -0.00257786554163011 0.0511938213793103 NA 0.0458958383796137
"V182" "Train" 0.00219437895284867 -0.00104548478935515 9.84297027965898e-05 0.0269018746656617 0.0010720163470852 -0.00122030212770959 0.0631415648653061 NA 0.0442062256670502
"V183" "Test" -0.000484446697854476 -0.00280239893197337 -0.00373745516575812 0.0431986396491995 0.0060991607420014 0.00577376871091087 0.869008430600927 NA 0.24749159154284
"V183" "Train" 0.00434212716207476 0.00183802805927346 3.16540471220111e-05 0.0215491641257747 0.00187170668392306 0.00492561688455472 0.867472448675325 NA 0.3260104724107
"V184" "Test" 0.0036696188986792 0.00590748386659762 -0.00412235585134471 0.0253806826989382 NA 0.00306276808414619 0.0651934003777778 NA 0.0524393898171744
"V184" "Train" 0.00363170855809106 -0.000661081810633808 NA 0.0214251579313618 0.00133822072120547 -0.000245851092771145 0.0732029097891305 NA 0.0498699275691613
"V185" "Test" -0.00109198434869309 -2.71861320662721e-05 -0.00317489372976141 0.0459718935588984 NA 0.00727690962283602 0.869265418124438 NA 0.252583260899502
"V185" "Train" 0.00688270564219169 0.00155119338806165 NA 0.0255379131290484 -0.00259960838928568 0.00339275891380283 0.86778683699733 NA 0.329681448998853
"V186" "Test" 0.00175428617553889 0.00597709881521877 -0.00558928184540579 0.0399470409681267 NA 0.0135219885052388 0.0720961922111111 NA 0.0510029088276018
"V186" "Train" 0.00299974796124171 -0.000336626096360645 NA 0.0267567311363406 -0.00130534894310453 0.00264418059990027 0.0783798945955556 NA 0.053563417413796
"V187" "Test" 0.00186624019733607 -0.000974749454151455 -0.00552377498653259 0.0591153307087218 NA 0.00939293069956674 0.86780318341908 NA 0.255076823583806
"V187" "Train" 0.00632084284089901 0.00181891084345727 NA 0.0317061158594328 0.00258753720248106 0.0056987053536663 0.867727756636094 NA 0.335190824771686
"V188" "Test" 0.000403963791587592 0.00439233602009311 -0.00447771481264714 0.0484924742649752 NA 0.00896359238368422 0.0787048718666667 NA 0.0543337334639908
"V188" "Train" 0.00644480589531051 -0.00260556545502995 NA 0.0310937654123323 0.0139201047953788 0.00400044675665754 0.0866389074533333 NA 0.0531513084394052
"V189" "Test" 0.000120140921479903 -0.00129146636009155 -0.00273915696534793 0.0661134589815794 NA 0.0087127095568782 0.867203929901289 NA 0.253768967137798
"V189" "Train" 0.00360570241847215 0.000295176623001962 NA 0.039662524400536 0.00891595375018434 0.00954401955589831 0.867621766586003 NA 0.338113165941609
"V19" "Test" 0.024095156922467 0.0151020042390022 0.0113318889705702 -0.00578530985478494 0.0244901952449146 0.0254391603175221 0.819497780130983 -0.000559641448499068 0.0913438654625785
"V19" "Train" 0.0230793228809242 0.00813993554311879 0.0103536139806194 0.0110208293405464 0.0178542347953602 0.0225653654786856 0.807944762624842 0.0202690238262562 0.101985795070584
"V190" "Test" -0.000197298120562192 0.00235188620671673 -0.00201992566291159 0.051456660121593 NA 0.0113382705485239 0.0787988089510714 NA 0.0535826687556872
"V190" "Train" 0.00451774445726906 -0.00268369423952866 NA 0.0427764390392594 0.0198315817693596 0.00941269521033354 0.0847170466295454 NA 0.0535393677319402
"V191" "Test" -0.00241955031905444 -0.00477297750710901 -0.000278622642434594 0.0687303136928767 NA 0.00781949219054054 0.864316037489027 NA 0.255571240207482
"V191" "Train" 0.00321747653481525 0.000563395369461994 NA 0.0434911283045073 0.0118713474306627 0.0137828065815564 0.866488947927164 NA 0.340461601215428
"V192" "Test" 0.000759518038463856 -0.00205287484683183 0.000245901758532854 0.0449156457447156 NA 0.0140236474257182 0.0650268543137931 NA 0.0521529120978446
"V192" "Train" 0.00277624118694463 -0.000289914819885381 NA 0.0453957701486557 0.0298885502484745 0.0130468959612915 0.0703749905 NA 0.0570475816862124
"V193" "Test" 0.00206051105636516 -0.00690317939041273 0.00139959409125577 0.0750916034191814 NA 0.00830619450243632 0.85866190380343 NA 0.258998689694633
"V193" "Train" 0.00190956928270818 0.00349373242830381 NA 0.0401637032537073 0.0193076211582326 0.0166313611424716 0.865879424468635 NA 0.344826751059163
"V194" "Test" 0.00300993221909622 -0.00483874579625185 4.20100748112292e-05 0.0577261000692078 NA 0.0165012352227163 0.0483279945517241 NA 0.0587329355356569
"V194" "Train" -0.000552737564327594 0.00455159280843618 NA 0.0489472047208743 0.0257902365697362 0.00917599537987896 0.0616663133255814 NA 0.0588458065891639
"V195" "Test" 0.00349614982419355 -0.00443985125794763 -0.000156117013124348 0.0887676082204746 NA 0.0136858736307745 0.855244929171846 NA 0.260099148095892
"V195" "Train" -0.0029490681455564 0.00341123957281786 NA 0.0455351396336369 0.0145818780169165 0.0167006365720701 0.866420197068872 NA 0.346170883223452
"V196" "Test" -0.000855117666194829 -0.00405443620267421 0.00183644859195248 0.0455920634988165 NA 0.0201977895619081 0.0372002994482759 NA 0.0562904938253443
"V196" "Train" -0.00277933013017143 0.000802357910946486 NA 0.0463092954914347 0.0220088222166881 0.0124440286666394 0.0508040437272727 NA 0.0640000080846816
"V197" "Test" 0.00222595328565517 -0.00294304837249274 -0.000374917039359998 0.0941678818064684 NA 0.0218055157044237 0.855478225347623 NA 0.267284857485347
"V197" "Train" 8.44984735590112e-05 NA NA 0.0516444843853824 0.0171346022977728 0.0229287443027402 0.868504582655184 NA 0.348663276932516
"V198" "Test" -0.00460225560552 -0.00723619454358586 -0.00240920572430106 0.0467867294621641 NA 0.0234537926023107 0.0267610397333333 NA 0.0637555306879311
"V198" "Train" -0.00151665478277694 NA NA 0.0499264276059347 0.0246513989094231 0.0203821563992364 0.0573306433372093 NA 0.068697542808079
"V199" "Test" -0.000561064920579946 0.002391016651857 -0.0012014357779948 0.0924867028437926 NA 0.0261043942461838 0.858066681969968 NA 0.272989384270953
"V199" "Train" 0.00210447232473757 NA NA 0.0611302043387125 0.0236246893508491 0.029078901402 0.869619461083425 NA 0.35013622187375
"V2" "Test" -0.0933814617238785 -0.0641296940493379 -0.0540134506367226 -0.25525002459359 -0.0851768317455454 -0.146415151641469 -0.0897780940593985 -0.0401799129373373 -0.174659734002437
"V2" "Train" -0.101719134104412 -0.0453898646235027 -0.0300009722188252 -0.239177819147647 -0.193157331647308 -0.145115117264739 -0.0976561254239631 -0.0307212639881339 -0.207033973394259
"V20" "Test" 0.0172781328970945 -0.00607577214883083 -0.009709755996313 -0.122469459794937 -0.00954631036796882 -0.0178169853896147 -0.0863067782242647 -0.00113345431643658 -0.136329613548483
"V20" "Train" 0.0221919164899778 -0.0114031427007885 -0.0094652011727711 -0.109105357388431 -0.0363084402356544 -0.0309762650942819 -0.0955083767190367 0.0195318379309682 -0.168863132409599
"V200" "Test" -0.00295697291431487 -0.00576962893108201 -0.000225215210948511 0.0485212164718502 NA 0.028082089283927 0.0199355877677419 NA 0.0681094033128049
"V200" "Train" 0.00142126041432658 NA NA 0.0578459260222752 0.0239469056179928 0.0166581606840719 0.0618752238495238 NA 0.0691567447914499
"V201" "Test" -0.00239395571174342 0.00208296176975 -0.000926740585007542 0.110655451806505 NA 0.0373152640557163 0.858872420494095 NA 0.274834282119675
"V201" "Train" 0.00200462877506313 NA NA 0.0836607695768851 0.0223223266656771 0.027976381821142 0.869437377444042 NA 0.350287944424795
"V202" "Test" 0.00259627333604428 -0.00207388880852631 0.000547719683906977 0.0725538083965666 NA 0.0307696627093654 0.023364823859375 NA 0.0781249987612583
"V202" "Train" 0.00183570498139737 NA NA 0.0707076189517208 0.0372760799664221 0.013070014315851 0.0612475301904762 NA 0.0702826010975854
"V203" "Test" 0.0012149526577821 0.0020316257445302 -0.0013869860881932 0.105434301455724 NA 0.0275707147905145 0.857710290877346 NA 0.277648028349111
"V203" "Train" 0.00157593255015489 NA NA 0.0956722087863555 0.0363127052026253 0.034152705389396 0.869725141931837 NA 0.354527144758461
"V204" "Test" 0.00231971416495413 -0.00257927985705972 -0.000343140670594699 0.0735600852571219 NA 0.0272839335252992 0.03828478846875 NA 0.0722187751176271
"V204" "Train" 0.000968022505372907 NA NA 0.0721854397653893 0.0375554350998062 0.0236530510576186 0.0666799658809524 NA 0.0773122566706131
"V205" "Test" 0.000430775667636364 0.0013281012708675 0.00420012022048566 0.120782727842146 NA 0.0284794561931608 0.857772203095239 NA 0.278451116047237
"V205" "Train" 0.00185822486304498 NA NA 0.107117060122763 0.0367393524820486 0.0409661384958308 0.868370682617218 NA 0.358284153340825
"V206" "Test" 0.00134743142091579 -0.00436884160174688 0.00226632911 0.0765937932838756 NA 0.0220525111512714 0.064253430862069 NA 0.0733345929354477
"V206" "Train" 0.00157823153047331 NA NA 0.0806198258319126 0.0335255072030945 0.0223611517597304 0.0783723362575 NA 0.0808727150596848
"V207" "Test" 0.000111417471020619 -0.00572948985914792 0.00487481521016279 0.117788669661889 NA 0.029142150337384 0.859569812839341 NA 0.281754671940349
"V207" "Train" 0.00182224309123946 NA NA 0.105060112652417 0.033847525834875 0.0421357971151035 0.866572218774021 NA 0.359131738049478
"V208" "Test" -0.000527897824658385 -0.00335001194544053 0.00204672627356439 0.0773280753737398 NA 0.0269082147574336 0.0926052762692308 NA 0.0743466135656127
"V208" "Train" 0.000896547838625779 NA NA 0.0731109106227767 0.0145679824975521 0.0267113547291667 0.085241053 NA 0.0806196090349315
"V209" "Test" 0.000459389278461538 0.000518684827392345 0.00420699939945338 0.116333546519523 NA 0.0265123398752535 0.860635758852876 NA 0.287577564964454
"V209" "Train" 0.00285685779488599 NA NA 0.108002207719331 0.0154038195020624 0.0373738042965803 0.866087981900348 NA 0.362853670657983
"V21" "Test" 0.0238425536572467 0.0139433860639968 0.0115654336298683 -0.007919942397021 0.0248352129982695 0.0224476189131011 0.821126337916524 -0.00254803748350315 0.0918368619541109
"V21" "Train" 0.0221411078146215 0.00839636373271439 0.0122373122723716 0.0136281606298366 0.0104380532868654 0.0208069246635986 0.808246806036438 0.022241899511513 0.102288498910599
"V210" "Test" -0.000945334891136364 -0.0026223406889011 0.00913704986160279 0.0794377763901449 NA 0.00247706236089966 0.091314072524 NA 0.0807175283421487
"V210" "Train" 0.000732759149905438 NA NA 0.080149418999604 0.0129490737139789 0.0273734843656735 0.0737850779052632 NA 0.0908979545756398
"V211" "Test" 0.000959061155671641 0.00571790265875758 0.00808076128739216 0.116849131399419 NA 0.026461120897449 0.860311232394407 NA 0.292786229574964
"V211" "Train" 0.00189145463487784 NA NA 0.123024810823495 0.0200412991328763 0.0386080886551432 0.865858116191593 NA 0.3654172490101
"V212" "Test" -0.000783146135306306 -0.00398007950904255 0.00531538940759999 0.0877898493735737 NA 0.0036517287391129 0.0751464779916667 NA 0.0843671007978542
"V212" "Train" 0.00137289296044118 NA NA 0.091231522139415 0.0195013875563501 0.0273495185908152 0.0595646972689474 NA 0.092239346693154
"V213" "Test" -0.000676577167456141 NA 0.00539158067330316 0.116479668559474 NA 0.0184007160460227 0.859343040720231 NA 0.293993621478388
"V213" "Train" 0.0028025689082 NA NA 0.133922981023983 0.0230444965077946 0.0407414470062301 0.86612099529626 NA 0.367420443148593
"V214" "Test" -0.00236080241669811 NA 0.00633256791094528 0.103935067881354 NA -0.00618357048569445 0.06932453412 NA 0.0836999122845815
"V214" "Train" 0.00248859068682143 NA NA 0.106658128274929 0.0163902098470022 0.0310044524977301 0.0652297800216216 NA 0.0934299794306533
"V215" "Test" -0.00233848193733333 NA 0.00474529084504211 0.14371354078 NA 0.0209618212267593 0.859169541605952 NA 0.296193431423795
"V215" "Train" 0.00365355434 NA NA 0.147976968338222 0.0271230876668785 0.0400446066735762 0.865991381269452 NA 0.36843317508856
"V216" "Train" 0.0023616430614902 NA NA 0.113871088160843 0.0176436674991184 0.0280986837473903 0.0970622315142857 NA 0.0955070702911228
"V217" "Train" 0.00433874804744601 NA NA 0.150329938063309 0.0271438531564979 0.0404736477740325 0.864860267538727 NA 0.371166600529795
"V218" "Train" 0.00300978889797653 NA NA 0.112303793875683 0.0161999333410084 0.0376091778887467 0.131935539181818 NA 0.0948543695861644
"V219" "Train" 0.00441956674589888 NA NA 0.158987471722392 0.0275839958021226 0.0420408318648748 0.862972202217588 NA 0.37252363631952
"V22" "Test" 0.0194494908736763 -0.00285454931161283 -0.00683129320346716 -0.114415190481397 -0.0128360855503883 -0.013481729682351 -0.084771248225 -0.00189914550634921 -0.136468603703555
"V22" "Train" 0.0227698043583904 -0.00972198644485374 -0.00715107365094592 -0.102798777351145 -0.0367842092157812 -0.0277672910815089 -0.0946663808392694 0.0218233145594842 -0.168341234076291
"V23" "Test" 0.0215350345943968 0.0124080094306226 0.0103520361201175 -0.0112965422733106 0.0203439625638739 0.0232519030294585 0.821493300467981 -0.000746217654669849 0.0911663987083178
"V23" "Train" 0.0195751284928215 0.00773151882520143 0.0127657755203039 0.0130258259873415 -0.000586221142651968 0.0180160225763801 0.809109822441738 0.0242592847924637 0.102110130311002
"V24" "Test" 0.0174706649565162 -0.00465530208596546 -0.00556689038061064 -0.110687790289838 -0.00730934537966188 -0.00991694953893027 -0.0833369125036496 0.000615921845653325 -0.133453018219251
"V24" "Train" 0.018469585100945 -0.00873611440170961 -0.00577483551813231 -0.0981436739958012 -0.0364337824536535 -0.0300911779061087 -0.0938849270517646 0.0238739213688997 -0.165513398569095
"V25" "Test" 0.0175616482549709 0.00764571277595094 0.00885193330416818 -0.0113452499770688 0.0221419383780304 0.0245999309038626 0.823792234088958 0.0037832359149743 0.0907214926205214
"V25" "Train" 0.0138889473342237 0.00645190369518539 0.0106833600032806 0.0139384510808086 -0.00422694386392384 0.011828481623899 0.810028281837792 0.0265280769820512 0.102917944193111
"V26" "Test" 0.0118179240158164 -0.00613144591007974 -0.00512784126940498 -0.0996872674249495 0.00238937716734035 -0.0107042747466307 -0.0843403496218978 0.00289100290663601 -0.132360899098231
"V26" "Train" 0.0118550875262388 -0.00740880164268677 -0.00556084225224927 -0.0936080079475119 -0.0319863033600875 -0.0317360597020819 -0.0944000027528344 0.027099524244219 -0.163180712773326
"V27" "Test" 0.0144362699159314 0.00383153497330851 0.00864518019461661 -0.0106004780723126 0.0197239562621668 0.0216971805691637 0.826134467309744 0.00178807717421105 0.0918738369707529
"V27" "Train" 0.0086615393624522 0.0049805571465114 0.0113143952663626 0.016478358504661 -0.00179370271233894 0.0101563812455884 0.810309483808734 0.0294363279485071 0.100925863699552
"V28" "Test" 0.010718341677002 -0.0061415329469857 -0.00393483131553282 -0.101206840010999 0.00165938212477295 -0.0125721195127868 -0.0852427516737226 0.000364856375144849 -0.131221849472214
"V28" "Train" 0.00653250587541144 -0.00644373201612812 -0.0037430762239384 -0.082973290010343 -0.0259833993866144 -0.0324201724343521 -0.0932150952720455 0.0296035152887405 -0.162418746253772
"V29" "Test" 0.0153014393549738 0.00661021851465743 0.00954178704076994 -0.00996842961102982 0.0129619771855153 0.0205441662316952 0.828438796447358 0.00133947131249183 0.0904841511777667
"V29" "Train" 0.00300802274392245 0.00477999097856841 0.0121573554710664 0.0206223588617573 0.00129522140308843 0.00902996808880421 0.810250846889918 0.0307838523610978 0.100117252113372
"V3" "Test" -0.004278652017321 0.00451996207891747 0.00185767369936641 -0.0203429473774876 0.0112620689747338 0.0101657867590868 0.815524194058737 -0.0286839780030769 0.0826433499790497
"V3" "Train" -0.00052218563521966 0.000153882435572501 0.00556666668499309 0.00514488134668698 0.0164390507100319 0.00745539232336287 0.804829368609859 -0.021162819721856 0.0926671954562718
"V30" "Test" 0.0104571094138479 -0.00133002395839099 -0.00254218524091956 -0.0925424543388207 0.00571639353729013 -0.00938659138236463 -0.0863144788286765 0.00271998292932581 -0.13032268791155
"V30" "Train" 9.65089665915319e-05 -0.00492342970577502 -0.00165896195921463 -0.0702869670464361 -0.0258994209972575 -0.0278361803439348 -0.0925727449554505 0.0306523965520261 -0.161629265621095
"V31" "Test" 0.00916190088062073 0.00891799691391563 0.00994618940919269 0.00244838930785149 0.0240439052966331 0.0228377076616298 0.826087191969165 0.00189479558855541 0.0914662366730726
"V31" "Train" -0.00225350991624928 0.00535538758254468 0.0105329431549362 0.0241098120566877 0.00712244342678658 0.00995469803362026 0.809386745571594 0.0323918757443711 0.0993475099293327
"V32" "Test" 0.00630382188850589 -0.00243872520524834 -0.00273467855957651 -0.0759246858305653 0.0124777134195128 -0.00474713753873648 -0.0857597626890511 0.00243686457103517 -0.125722457572538
"V32" "Train" -0.00686586806005076 -0.00280741301599137 -0.00129083095598233 -0.0611712001395925 -0.0186611913724151 -0.0218793570529125 -0.0932538399596372 0.0319709182980743 -0.161665932509573
"V33" "Test" 0.00324731698388628 0.00597673614780663 0.00778636096756452 0.00498470451771658 0.0292404333310188 0.0222435432205752 0.824122273125665 0.00261101746744109 0.0914227642806758
"V33" "Train" -0.00844321927035773 0.00438481565244741 0.0096442586855499 0.0276673413686088 0.00986913181745023 0.0114529538647414 0.809129101653749 0.0332289464537819 0.0974622431529863
"V34" "Test" -0.000681631612738683 -0.00363221605667953 -0.00236955311297787 -0.063863342417262 0.0214384577354681 -0.00670451301572567 -0.0851447427391304 0.00277567084194322 -0.124758937039924
"V34" "Train" -0.0142888416118105 -0.00507214227796258 -5.84728169785679e-05 -0.0510614653751832 -0.0181576453234909 -0.0181433064876624 -0.0934676845992432 0.0319142171064538 -0.163330523649211
"V35" "Test" -0.00375209697799179 0.00487631362246335 0.00796673491764009 0.00761032022728098 0.0290517991048086 0.0140105384645737 0.823670963317725 0.00365229334694559 0.0921672957220786
"V35" "Train" -0.0133745777706897 0.00259077023738546 0.00741064803313577 0.0266542364095583 0.00814508747588064 0.0106676935367008 0.806689974518413 0.0331849470002567 0.097694454492694
"V36" "Test" -0.00810899407295955 -0.00427646122961389 -0.00229506813646769 -0.0556269332576834 0.0230614839903775 -0.0137501685727263 -0.0834954724049296 0.00480632343845636 -0.119371068719106
"V36" "Train" -0.0181265650891774 -0.00594316130600087 -0.000814834589141827 -0.0469957994749182 -0.0138377520377699 -0.0178779834941809 -0.0927075151836735 0.0321806894234509 -0.159800153850128
"V37" "Test" -0.00844496413033627 0.00211620591347168 0.00777516421660628 0.00851828134413403 0.020400797223596 0.00933364763739639 0.823518592609207 0.00743501110431953 0.0934866805627279
"V37" "Train" -0.0157388139068748 0.00200499157125108 0.00617733685377592 0.0288859335635481 0.0124461624772663 0.00953333630639629 0.804391134320638 0.0334539166932699 0.0991053732305569
"V38" "Test" -0.0147285070861501 -0.00397487918655746 -0.00162463380294569 -0.0559458510557916 0.0147605909180597 -0.0126244218275434 -0.084992817459854 0.00668654700365797 -0.116496706320015
"V38" "Train" -0.0214077174787304 -0.00562563862029039 -0.00202367829825123 -0.0409366600427023 -0.0110542076330699 -0.0147867427694247 -0.0928870606288635 0.033560679718692 -0.158174727939234
"V39" "Test" -0.0123785830224796 -0.000164174628300494 0.00733117583187709 0.00356237397038496 0.0138883588555601 0.00917232040843381 0.82372956576562 0.00923174422484119 0.0925607369192496
"V39" "Train" -0.0176619296322416 0.0018179514029418 0.00313670800874486 0.0260241186468485 0.0143598645702981 0.0100574172611364 0.803692972022218 0.0356087327680776 0.0986301350440734
"V4" "Test" -0.0802986433431532 -0.0540156944915318 -0.0447712304237843 -0.239619784616603 -0.0612251832964942 -0.122473470425486 -0.0863527254917293 -0.0324163313837257 -0.165685765248678
"V4" "Train" -0.0862026138658294 -0.0405361434228215 -0.0240317568905921 -0.216832932595377 -0.155567212510886 -0.127146145672201 -0.097214833933102 -0.0216706464616822 -0.199926589242981
"V40" "Test" -0.0196447635422939 -0.00701086264983607 -0.00263576862095799 -0.0651316519558804 0.00573607747054165 -0.00972582459811491 -0.0843607113378677 0.00801491526504094 -0.118153428994599
"V40" "Train" -0.0231812116985379 -0.00494353111818488 -0.00339421910180675 -0.0395708605823655 0.00225661682972821 -0.0149196872155079 -0.0917903545566067 0.0345037746183326 -0.15965307645641
"V41" "Test" -0.0168593189452839 -0.00560848138466889 0.00659220055481304 -0.00343161470515938 0.0124876287618345 0.0142192511160835 0.823933074327424 0.00900498356551247 0.0925556152797661
"V41" "Train" -0.0179679721125574 0.00222508908630873 0.00263715427223047 0.0223198620450091 0.0169344041715341 0.0107184399634911 0.803741108875296 0.0358187876112679 0.0965298855882973
"V42" "Test" -0.0213658030213304 -0.0122365006160456 -0.00233583492906525 -0.0613027059073105 0.0144467068886592 -0.0047459792203178 -0.0836282089833333 0.00994498612895278 -0.114555498781471
"V42" "Train" -0.0214240193772062 -0.00509944942332316 -0.00419975883004398 -0.0418017743704545 0.00539170837355678 -0.010783795605381 -0.0930223854502247 0.0343184706225441 -0.160900783936112
"V43" "Test" -0.0202116520769336 -0.00864802784836587 0.00555026141525267 0.000411915469150794 0.0189989335392464 0.0115074637813484 0.82389587417442 0.0119648743926252 0.0929213477718291
"V43" "Train" -0.0169624519625718 0.000714815717519316 0.00206283935723404 0.0193027534861595 0.0122814563282751 0.0110866511731257 0.804705701209971 0.0348531899448751 0.0965976298642954
"V44" "Test" -0.0207198702220871 -0.0125585200738795 -0.00194600100229032 -0.0533476610751144 0.00978035971861098 -0.00710825796584388 -0.0846831031591912 0.0136072088758668 -0.115980703583472
"V44" "Train" -0.0208533859083592 -0.00522094967189335 -0.0042746104314929 -0.038238503037878 0.00391730007516027 -0.00906618644476575 -0.0922485818422819 0.0360725010750624 -0.158932778488369
"V45" "Test" -0.0218519617847816 -0.00973342192773016 0.00696464521358443 -0.00168300244925696 0.00769016907570485 0.00713752304863398 0.82428070721392 0.0149499540867441 0.0932343784538867
"V45" "Train" -0.0139969090358852 0.000379831040692671 0.00164133835325706 0.0204357423580585 0.013450943695934 0.00776439847569606 0.806252480227767 0.0378992630186669 0.096389795652908
"V46" "Test" -0.0189417503133636 -0.0124792649987432 0.000502168865791556 -0.0563476735411893 -0.00220719222992941 -0.0104857440817348 -0.0848414091838235 0.0131742118001035 -0.113452062652523
"V46" "Train" -0.016249034722543 -0.00466662018906736 -0.00405803744116097 -0.0303676965599711 0.00227562532350685 -0.0100883487855485 -0.0922777514582022 0.0389655233858638 -0.157891458402059
"V47" "Test" -0.0186179138596652 -0.00764925611778904 0.00631883390783034 -0.00833776753924885 0.0073308319217422 0.00647196749600846 0.824616009106484 0.0141028546141906 0.0919110249568693
"V47" "Train" -0.00839063785765555 0.00144329287328861 0.000748281391666411 0.01978807120045 0.0102649159240207 0.00365471822376074 0.805928699289252 0.0397828552616646 0.096470423399833
"V48" "Test" -0.0127055681805099 -0.0076043770060839 0.000200801181915501 -0.0574018934322546 0.00120873292385469 -0.0106064653707504 -0.0854199184044117 0.0110741311402633 -0.114805839681184
"V48" "Train" -0.008464603779974 -0.00497771848337283 -0.00350109750154004 -0.0308558195393814 0.00391917731183909 -0.0122306176604757 -0.0931354416344343 0.0393665830682714 -0.156399091468068
"V49" "Test" -0.0152246059202572 -0.00495104083339158 0.00509691023791633 -0.0111071191330448 0.0102799649582389 0.00545293619894712 0.824439920179804 0.0144258858895043 0.0907378045771912
"V49" "Train" -0.0028668561540286 0.000751762435156206 0.000796634888369924 0.014380330714009 0.0159965527184659 0.00215901462029924 0.805879473885217 0.0398255803579239 0.0953998171601795
"V5" "Test" 0.00141692450039665 0.0113917052604664 0.00512525855270076 -0.0166142295204811 0.0243120540863177 0.0198694323108946 0.815308099875261 -0.0227389013264987 0.0848330251298375
"V5" "Train" 0.00622018860399332 0.00535327301889752 0.0092987257484925 0.0119431878284731 0.030299878381224 0.015423339454106 0.805635709681789 -0.0122513704459765 0.0963976508766619
"V50" "Test" -0.00896822044937159 -0.00750010434482669 -0.00191523288458154 -0.061757355767284 0.00480362198408002 -0.0149930894796306 -0.08315989123 0.015088817018185 -0.118079551206517
"V50" "Train" -0.00319950118463782 -0.00273503664394626 -0.00283623211848808 -0.035716171365267 0.00690089396400316 -0.00794417800079338 -0.093844731516895 0.0395238692110417 -0.156091449898329
"V51" "Test" -0.0134265946148266 -0.00538037325302533 0.00554465025235443 -0.0128150115477911 0.0112108902115829 0.00243267034418714 0.823999727130333 0.0161702316043527 0.0885338668600762
"V51" "Train" 0.000319710496063248 0.00314909353868225 0.00180551865515718 0.0141436170644011 0.0157074522274701 0.00670854465538298 0.80660077958752 0.0383933879528606 0.0937048095858299
"V52" "Test" -0.0069751388137993 -0.00747866234067867 -0.0018158839255239 -0.0556765923134857 0.011067693314002 -0.0145575832908777 -0.0829559229275 0.0125845109962487 -0.121763764704629
"V52" "Train" -0.000879077878687344 -0.00150131108692915 -0.00213453083706752 -0.0331046389654544 0.00109854601062724 -0.00488976691665877 -0.0933740518103612 0.03833673246551 -0.158645349928678
"V53" "Test" -0.00940325663827157 -0.00383125818888684 0.00566379330426074 -0.0178813704238466 0.0159782814964556 0.00610076433762985 0.823812923523618 0.0133679668367788 0.0888288556617579
"V53" "Train" 0.00427270379532611 0.00321486193289182 0.00169014727751711 0.0190830088301597 0.0092376619155377 0.00650799542935111 0.805728414236332 0.0387153055603934 0.0916082779135585
"V54" "Test" -0.00257835806879425 -0.00531268632529133 -0.000425247084669205 -0.0603312075592737 0.00313095412844618 -0.0143288043357951 -0.0804936696358621 0.0106069458992929 -0.121832603383358
"V54" "Train" 0.00472476531049743 -0.00177450801260553 -0.00201619160820601 -0.0256795336290872 -0.00526811530751255 -0.00430853988460372 -0.0933119084569507 0.0381227977668698 -0.156258442219487
"V55" "Test" -0.00533931591620308 -0.00115728395611708 0.00619302061793698 -0.0155921054651293 0.00604666645026362 0.00912923422751972 0.824157564493001 0.0113431494750086 0.09034050198019
"V55" "Train" 0.0100715244222484 0.0023579469499077 0.00285094306082546 0.0200743535830896 0.00910897620449885 0.00677511423553679 0.806146542604504 0.037976071452624 0.0936255465432429
"V56" "Test" 0.00103060930283211 -0.00216686945234213 0.00169386090345699 -0.056967579584625 -0.00395179340131025 -0.00972929558699273 -0.0812034939457747 0.0078703008338883 -0.126189532236894
"V56" "Train" 0.00852446870760934 -0.000187181330169864 -0.00167095145934386 -0.0235652907611037 -0.00644018058090915 -0.00289779255518381 -0.0924888890953915 0.0381937140393075 -0.15415860909151
"V57" "Test" 0.00101133942126142 0.00225369513927814 0.00847291084795253 -0.00572861447410724 0.00317161740073462 0.00861386125434149 0.823124642405119 0.00759498173158778 0.0869861811069963
"V57" "Train" 0.0128539848340044 0.00573612728498792 0.00351292010609219 0.0166841589740942 0.0133112787605848 0.00763900699284802 0.806833188617661 0.037774538925508 0.094705795087344
"V58" "Test" 0.00367688377702677 0.00165488471754038 0.00204988706369412 -0.0561580738872242 -0.0113039730436185 -0.0102928911807416 -0.0811539202323944 0.00517123754886689 -0.128103349861637
"V58" "Train" 0.0122830796000519 0.00355784239299064 -0.00141095015697753 -0.0233686658429219 -0.000407809132121193 -0.00525877621576942 -0.0926799272874721 0.0371573646117112 -0.15292943625262
"V59" "Test" 0.00671724646442312 0.00524990524863542 0.00824915641029439 -0.0078089448487298 -0.000785927175453199 0.0051469180451696 0.821861997194541 0.00592693507644863 0.0866520030858663
"V59" "Train" 0.0148962678130463 0.00728661900753438 0.00187436348377732 0.0141839802749616 0.0172628192342177 0.00462327837796931 0.807102577174613 0.0378299872682254 0.0948156486430874
"V6" "Test" -0.0634822036761528 -0.039255795322245 -0.0344114124638821 -0.213903896160265 -0.0381666253298785 -0.0967691655313057 -0.087196668214053 -0.026582233270948 -0.157182581703654
"V6" "Train" -0.0656059911200316 -0.0295428970153828 -0.018796705164369 -0.193008068974733 -0.104991942570319 -0.0976231671395701 -0.0962213788937356 -0.010994126235356 -0.190439610500446
"V60" "Test" 0.00275597835702704 0.00575284786784116 0.000941875622610623 -0.0636687301644389 -0.0100047529567329 -0.00754483263834759 -0.0823937861964029 0.00522054259279485 -0.126732918790419
"V60" "Train" 0.0166359619231455 0.00302840493952719 -0.00331943171845253 -0.0257176608277739 0.00120153523459865 -0.00771186520996147 -0.0920690650606593 0.0373122358215758 -0.154150225483547
"V61" "Test" 0.00671493624556663 0.00490783265293858 0.00751668175815569 -0.0156964728458916 0.00144276764465806 0.00592846562366972 0.820582747868603 0.00697297674471964 0.0865438032310483
"V61" "Train" 0.0152335928157948 0.0073138274773913 0.000882423320574818 0.00920226385526742 0.0134147473924856 0.00321591519654118 0.807857515068286 0.0388199380600903 0.0929750836296807
"V62" "Test" -0.00206271053121147 0.0045685424876805 0.000976891831282216 -0.0722255894978358 -0.00287095886022693 -0.0020595367820727 -0.0820312156353191 0.00704245779972022 -0.125035585392429
"V62" "Train" 0.0179370906781276 0.00261016184404081 -0.00367788073929802 -0.0268480383912295 0.00103810023411363 -0.0107060778593172 -0.0927747000892135 0.0380109382017223 -0.154692851260479
"V63" "Test" 0.00604398235425588 0.0045084904290965 0.00618456108442602 -0.0273987206547081 -0.00338057322192864 0.00845905673596542 0.818285345427725 0.00864304045283344 0.0859837767000766
"V63" "Train" 0.0154530292330042 0.00614250210772538 0.00077304804272495 0.0082209481724472 0.00467847018077649 -0.000442459476195667 0.808233003908574 0.0386268593733711 0.0927561930207805
"V64" "Test" -0.00152602009868278 0.00489571826066649 0.0017569866922199 -0.074147883194194 -0.00929118804731559 0.00515991359324767 -0.0829214556915493 0.00652458740727527 -0.123167843155805
"V64" "Train" 0.0177452671975143 0.00244947505689836 -0.0033681075559254 -0.0258455447252749 -0.000392088969966413 -0.0162907507524635 -0.0928505032745535 0.0372574761601926 -0.154282048074628
"V65" "Test" 0.0108875228782669 0.00611055811993897 0.00557197141598073 -0.0258445253717542 -0.00469683981295768 0.0132768858735977 0.815178526934871 0.008992274106358 0.0867179262520207
"V65" "Train" 0.0150907817845681 0.00571321037037492 0.00254195055714325 0.00888229263682606 0.0030955169661899 -0.00185511547006893 0.808209691482322 0.0378807174964908 0.0923003744448986
"V66" "Test" 0.00763621520584624 0.00692048752567669 0.00243216701445032 -0.0676992708425095 -0.00580102479226348 0.0017529385314712 -0.0801453866951724 0.00831336728090592 -0.119347562251689
"V66" "Train" 0.0145987728708564 0.00290834206187677 -0.000937121952404123 -0.0299448941587458 0.00332978082417805 -0.0137324931789603 -0.09222794646875 0.0366408194737543 -0.15400959342587
"V67" "Test" 0.0143010478879233 0.0086403605926203 0.00366216822756441 -0.0234997449387893 -0.00268728091442409 0.00979712531399904 0.812650262710614 0.0104092631010526 0.0877264662876853
"V67" "Train" 0.0104745769106702 0.00474643282918091 0.0028904126700859 0.00222348991717639 0.0061652375631131 0.00157216148981338 0.809208124975372 0.0362522702830107 0.0912411870517715
"V68" "Test" 0.0121650406542857 0.00694716050812909 0.00274361237651507 -0.071468944220407 -0.0112081985071246 -0.00172171835722102 -0.0800318604513889 0.00853025055701885 -0.118477383877049
"V68" "Train" 0.00921714214499962 0.00209713608310248 -0.00229619791862282 -0.0308790996666333 0.00280995641631597 -0.00834266980367962 -0.0918772242526786 0.034383645114415 -0.155780355756918
"V69" "Test" 0.0106699012933139 0.00495383461645911 0.00443303816328236 -0.0288891687075557 0.00301622140211079 0.012142785266662 0.814306742180369 0.0096658230202501 0.0887018958041378
"V69" "Train" 0.00756883138971433 0.00291121774942846 0.00227799976067746 0.000282967251749764 0.00114815100554043 0.00330875098917705 0.811015488651934 0.0344807161696102 0.0906617131487082
"V7" "Test" 0.00467820054596678 0.0146281644643986 0.00675010282858874 -0.0103795933301293 0.0260962310151447 0.0245538290373542 0.815277417633765 -0.0163109900204597 0.0890331115392758
"V7" "Train" 0.0114498999503965 0.00970611995972211 0.00952755722393426 0.0148585877328235 0.0313216665299395 0.0217388105268057 0.806885879193148 -0.0062581240373281 0.0978089847667074
"V70" "Test" 0.0114018786083274 0.00232183571444515 0.00175010055498427 -0.0733635351753697 0.00283809251842025 -0.00221457267123348 -0.0804681445972222 0.0104755419831204 -0.119980420948048
"V70" "Train" 0.00553219127405624 0.00102278182592413 -0.00245756686976328 -0.0306077134323374 0.00375385576817878 -0.00314668025210287 -0.091833074350889 0.0333214056519528 -0.155176974073457
"V71" "Test" 0.00722879223680508 0.00172569977466908 0.00268805749046593 -0.0251020329763184 0.00328512560948091 0.0129135900141478 0.817861098872781 0.0135265683197213 0.0874169372650725
"V71" "Train" 0.00610260975797672 0.00345444566701756 0.000174317427390199 0.000199524524526766 0.00202719807128858 0.00570200858849534 0.812016645485813 0.0337950886681041 0.0913100432049948
"V72" "Test" 0.00661207737603884 -0.000151978567462155 -0.00114802396657757 -0.06637486463919 -0.00478701736132982 -0.00195125402426149 -0.0801803613103448 0.011393846376988 -0.116807443019792
"V72" "Train" 0.000927679522139579 0.00288985083052541 -0.00444010493348436 -0.0304741233096959 0.00169615752778566 0.00186605278296679 -0.0916285864485588 0.0323672166366803 -0.154695699465906
"V73" "Test" 0.00512748195570519 -0.000865154403821798 0.00207796171008006 -0.0284952628357164 -0.00588265467934812 0.0105478114816226 0.819548676178399 0.0107272431524756 0.0874498737397257
"V73" "Train" 0.00211713364266889 0.00464104643270727 0.000494352228617798 0.000568745532778449 0.00389017192939397 0.00472137729188812 0.812356618336008 0.0332820160342102 0.0925169278354408
"V74" "Test" 0.00395364386185612 -0.000719103009361588 -0.000251629837801454 -0.063799142538841 -0.00679606730232395 -0.00162342409404128 -0.0788479309068494 0.00856018398988409 -0.115504940907505
"V74" "Train" -0.00522152684609584 0.00330703604922441 -0.00321896894755897 -0.0308704143194313 0.0015794974662478 0.00104279063180744 -0.0922002096897091 0.0334172333977357 -0.153561959509287
"V75" "Test" 0.00693316143516158 0.00159948242057745 0.000884184526310277 -0.0295303722083326 -0.00811783969403399 0.00652553409613307 0.818235308713736 0.0102475065590703 0.0884250910627097
"V75" "Train" -0.00387293669674077 0.00526726586773487 0.00103839504499702 -0.00350432654214817 0.00457904706586368 0.00271127966769718 0.812153984171288 0.0340460146843936 0.0932071583054005
"V76" "Test" 0.00158060806283514 0.00180944709508898 -0.00215191715156818 -0.0600233357997008 -0.00868856816703402 -0.00371908951572389 -0.0760681031246575 0.00994751115287581 -0.114265346398414
"V76" "Train" -0.00986669742225297 0.00293095996056398 -0.00299247120760499 -0.0340821499734995 -0.00471596646620517 -0.000461555980691881 -0.091308235385111 0.0349380629153069 -0.152432357088852
"V77" "Test" 0.00862932767739498 0.00481070674519209 -0.00141672936479701 -0.0285838460455545 -0.0110010890737822 0.0012214789887351 0.817913792190609 0.0112696189399721 0.0890163287090005
"V77" "Train" -0.00932307099847512 0.00424446747251477 0.000933276534664561 -0.00565460064659623 -0.00069094494500927 0.00154727566418497 0.810908436431208 0.0344756779774193 0.0943724018762062
"V78" "Test" -0.00224936180497429 0.00208671973961266 -0.00257662579444049 -0.061586170815059 -0.0228475701181758 -0.00586915121832739 -0.0746053982123288 0.0112738787246869 -0.113758125860459
"V78" "Train" -0.0137002574121485 0.00127424403076833 -0.003869715135129 -0.037806472393741 -0.0109005790462724 -0.00395988327923121 -0.0920389353349662 0.0341336323531072 -0.150417541951705
"V79" "Test" 0.0072111533314765 0.00382620074847257 -0.00462665936941055 -0.0294915934360671 -0.0277586078994779 0.00337270376516188 0.820174515066917 0.0130209398026713 0.0884645990236538
"V79" "Train" -0.0129776363302272 0.00222274168419536 -0.00066436122189435 -0.00509338410889016 -0.0058629574497138 6.48384338357064e-05 0.810820463694526 0.0340862115449538 0.0938992294914821
"V8" "Test" -0.0505106276266924 -0.0297090929751152 -0.0264635879990191 -0.190963607128931 -0.0315615880436588 -0.0735968362539814 -0.0852779033375 -0.0189726407537708 -0.145344032541891
"V8" "Train" -0.0467050452409111 -0.0209857834330408 -0.0181695492886416 -0.167629705589343 -0.0813702981477505 -0.0740781601112051 -0.0949439733147807 -0.00692113025557253 -0.185967131645858
"V80" "Test" -0.00697418055363436 6.70051582879647e-05 -0.00751703934984623 -0.0623918018122956 -0.0384148340036048 -0.00556467257756758 -0.0716535499671233 0.0120832504988608 -0.113241757571554
"V80" "Train" -0.0147498740173258 0.00121815900545844 -0.00461050597367035 -0.0366395245277647 -0.0127830459968074 -0.00689791385022046 -0.0922747227615386 0.0341820504288284 -0.152191380056425
"V81" "Test" 0.00759748880165102 0.0046132361080731 -0.00692084119695453 -0.0260541348516596 -0.0286888696705999 0.00222856632615768 0.821682186613542 0.0124529650387267 0.0869458490813775
"V81" "Train" -0.0141077009223206 0.00352099485151462 -0.00229698308892415 -0.000796142517597841 -0.00183349270531821 -0.00144105478938462 0.811354562277522 0.0354172328803468 0.092568188732702
"V82" "Test" -0.00533562449492592 0.00112292121664328 -0.00704175670174366 -0.0574581232466631 -0.0312775569995869 -0.00969051167043738 -0.070677408794966 0.0119139269083184 -0.116776353852091
"V82" "Train" -0.0147719605494545 -0.000129313856134363 -0.00535079070186551 -0.034452117774624 -0.00891574228757796 -0.00987933417410991 -0.0928646623297728 0.0372481146132972 -0.151796397256709
"V83" "Test" 0.00786803962186853 0.00652321800307003 -0.0064606720153776 -0.0224096757314045 -0.0245778426210858 -0.00100665788480228 0.820542404067716 0.0128486119152312 0.0855015365480017
"V83" "Train" -0.0136119112421325 0.000176749191428748 -0.00202166432106207 -0.0012009224194199 -0.00285286684902144 -0.000693430092426944 0.811427430321975 0.0362251609553028 0.0950976416652268
"V84" "Test" -0.00575555472198107 0.000764570810951085 -0.00977558401839122 -0.0539063080717191 -0.0230861121878894 -0.0101716756461719 -0.0747780389452055 0.01258803444279 -0.115730842892433
"V84" "Train" -0.0153743059435797 -0.00427855625492031 -0.00415717938964008 -0.0319632453886626 -0.00978202966419444 -0.0104958268684824 -0.093054952044898 0.0357403211455001 -0.147526710791502
"V85" "Test" 0.00238046447898816 0.00163113640110607 -0.0077546836528047 -0.0181496021072225 -0.0176241660787039 -0.00233908125368603 0.818836426772446 0.0126027217989096 0.0860280711433334
"V85" "Train" -0.0118285815732701 -0.0022884612406066 -0.00156168692953718 -0.00202652971404798 -0.00727069716921379 -0.00086585991495004 0.81116047926048 0.0344374635018405 0.097397203901693
"V86" "Test" -0.0110074627927499 -0.00435953344849269 -0.00886234971529149 -0.0416427156404035 -0.0116120649258539 -0.010567866675348 -0.0757502815620689 0.00955810127529074 -0.115244913081879
"V86" "Train" -0.0137029447155729 -0.005906653909517 -0.00499135728687878 -0.0307484465436108 -0.0130427440305289 -0.0124354872233336 -0.0925427430221219 0.0351943917184794 -0.14586744746246
"V87" "Test" -0.00409835414946237 8.85569573981783e-05 -0.00563839100404859 -0.00688759515394588 -0.00282803968669126 0.000441342297704409 0.818773202976342 0.00829449266887793 0.0856375581474692
"V87" "Train" -0.00920242543217742 -0.0026587268655772 -0.00203353296679899 -0.00332021667597212 -0.00587801644259186 -0.00193037050157535 0.81071172822789 0.0349821853878648 0.0965783380871212
"V88" "Test" -0.00748454837720939 -0.00467419183633404 -0.00862141289777038 -0.036338791192748 -0.00334821907917483 -0.0095353947251129 -0.0755221944825175 0.00511130471759253 -0.11692041153065
"V88" "Train" -0.0116101779091137 -0.00479085880332982 -0.0072141772199665 -0.0323277559117519 -0.0140213392228284 -0.010191949365989 -0.0913511421915177 0.036273823980872 -0.148051382717567
"V89" "Test" -0.00437952850042613 -0.00145338767234758 -0.00614984346085037 -0.00632424530030428 -0.00212332922324299 0.00216512965185714 0.819420208598052 0.00647077221671981 0.0833538205086108
"V89" "Train" -0.0070388199658516 -0.00286070670714408 -0.00216832956865273 -0.00345879846932887 -0.014061735534077 -0.000654453860647272 0.810366776669626 0.0362056345009066 0.095022475596608
"V9" "Test" 0.00687384041123879 0.0146528696738573 0.00870670432494137 -0.011188152600697 0.0274907837723007 0.0273997079488554 0.816331005981625 -0.0105978967655842 0.089874946905348
"V9" "Train" 0.0147162421223662 0.0129189609659059 0.00979814623070034 0.018801431304315 0.0262395808703186 0.0241699027153937 0.808337636026641 -0.00202942417457859 0.0985925551764635
"V90" "Test" -0.00263396768719671 -0.00677778327084223 -0.00791476420662643 -0.0418109985730325 -0.00668691373797544 -0.00785006064481122 -0.0768945354475525 0.0042240398519827 -0.120710687768317
"V90" "Train" -0.0115941580900381 -0.00515562004154521 -0.00653363991425157 -0.0318445000169046 -0.0180093791587159 -0.0116590130837824 -0.0912181482492205 0.0370359069805746 -0.150209149495876
"V91" "Test" -0.00440416122794869 -0.0034018377104913 -0.00602228339999511 -0.00865621532888995 -0.00226319650654582 0.00683182166235912 0.819491018484514 0.0053597898198291 0.0832239873263208
"V91" "Train" -0.00376704917787392 -0.00228195546657522 -0.00231741059336692 -0.00222542106586939 -0.0182685496694306 -0.00208593407321073 0.808836423931563 0.0367297602810884 0.0949623807008893
"V92" "Test" 0.00418590969129108 -0.00823995058758815 -0.00751607908998442 -0.0400883975652146 -0.013735269228354 -0.00448789921252396 -0.0752458767041666 0.00445676158006145 -0.1222481285514
"V92" "Train" -0.00715434503608144 -0.00523134345796862 -0.00661246551575976 -0.0315237418977036 -0.0136179795507932 -0.0142589085747883 -0.0901488914039823 0.0375488839175065 -0.148424184164393
"V93" "Test" -0.00259458805121652 -0.00415492395181183 -0.00804274621286558 -0.00829448203385888 -0.00939856969822644 0.00680130738984492 0.820281569047815 0.00801882107068287 0.0847670937648253
"V93" "Train" -9.74856324144658e-06 -0.00275503939063315 -0.00199124131708193 -0.00303070629337698 -0.0120464781283939 -0.00215651957116212 0.807172352556313 0.036771300899178 0.095736165682285
"V94" "Test" 0.00356323837659352 -0.00633355145543879 -0.00733533498793069 -0.0362517994976021 -0.0191195760605175 -0.006227884311237 -0.0750520859958621 0.00881872998947178 -0.1194618955035
"V94" "Train" -0.00330408047432918 -0.00571100989151339 -0.00457523793352877 -0.0277022908829842 -0.00879626693107072 -0.0121223356891703 -0.0893969557911791 0.0370612756938078 -0.147036614348703
"V95" "Test" -0.00755530984423846 -0.00233344793552049 -0.00567702208921617 -0.00287217839919402 -0.00446060629388706 0.00390297791078711 0.822269121748121 0.00900599018938366 0.0865192512827957
"V95" "Train" 0.00479109081872536 -0.00317640366359534 -0.00147789236667418 -0.0059261629795597 -0.00716574089692093 -0.00105041861201221 0.80728867807995 0.0357069350382183 0.0956387379764463
"V96" "Test" 0.000724518878102035 -0.00328508804617917 -0.00794320078039091 -0.0279945354306772 -0.0107779070598869 -0.0119559186984859 -0.0749534563013793 0.00619058636090455 -0.117843021014594
"V96" "Train" 0.00121499686492521 -0.00536884414184134 -0.00300285738753 -0.0258820727466743 -0.00900790073948388 -0.0118604590623688 -0.0901154104713348 0.0359700804951045 -0.149661090074239
"V97" "Test" -0.00411262318646732 -0.0020519605174297 -0.00577829838787254 0.000367845546850278 -0.000820410480107501 0.00291284098664649 0.822716989385992 0.00658627883489466 0.0861015695605944
"V97" "Train" 0.00918110280012837 -0.0024386393191565 -0.00152835937575345 -0.0036108015635821 -0.00944667743711058 -0.00251039380853198 0.807245764961714 0.0363760341070103 0.0952069601109646
"V98" "Test" 0.00115092233960616 -0.00232359429466058 -0.00674430469261428 -0.027883955614976 -0.00469363536994885 -0.0111205442517869 -0.0756621667677241 0.0065751825876119 -0.116079662035349
"V98" "Train" 0.0035032663437149 -0.0070434557816318 -0.00325164500442781 -0.0206628196045659 -0.00620154874780296 -0.0136820502146701 -0.0893147482914474 0.0369891548691784 -0.150607974122539
"V99" "Test" -0.00190625865040838 -0.000108398757775519 -0.00258144159474372 -0.00371141731094065 -0.00462401156902875 0.00358787320219752 0.822415661590596 0.00716228987426834 0.0854145854874424
"V99" "Train" 0.0127214308243048 -0.00537078793604168 0.000217847927302526 0.000160375799598643 -0.00492070294729565 -0.00167810503547856 0.805989032368568 0.0367202380169989 0.0948702492158448
